
--- [a] ZERO尾→[AT?]→FIVE头 (57.7-58.3s, 10ms/frame) ---
 57.700  0.0243  
 57.710  0.0272  
 57.720  0.0264  
 57.730  0.0401  
 57.740  0.1166  ##
 57.750  0.2381  ####
 57.760  0.1945  ###
 57.770  0.1915  ###
 57.780  0.1573  ###
 57.790  0.1472  ##
 57.800  0.1518  ###
 57.810  0.1153  ##
 57.820  0.1044  ##
 57.830  0.1119  ##
 57.840  0.1123  ##
 57.850  0.0985  #
 57.860  0.1138  ##
 57.870  0.1159  ##
 57.880  0.0900  #
 57.890  0.0951  #
 57.900  0.1390  ##
 57.910  0.1254  ##
 57.920  0.1200  ##
 57.930  0.1385  ##
 57.940  0.1176  ##
 57.950  0.0963  #
 57.960  0.0756  #
 57.970  0.0987  #
 57.980  0.0863  #
 57.990  0.0609  #
 58.000  0.0717  #
 58.010  0.0678  #
 58.020  0.0461  
 58.030  0.0258  
 58.040  0.0360  
 58.050  0.0381  
 58.060  0.0391  
 58.070  0.0909  #
 58.080  0.2278  ####
 58.090  0.2459  ####
 58.100  0.2299  ####
 58.110  0.2167  ####
 58.120  0.2412  ####
 58.130  0.1846  ###
 58.140  0.2228  ####
 58.150  0.1890  ###
 58.160  0.1739  ###
 58.170  0.2337  ####
 58.180  0.1817  ###
 58.190  0.1309  ##
 58.200  0.1169  ##
 58.210  0.0938  #
 58.220  0.0809  #
 58.230  0.0700  #
 58.240  0.0636  #
 58.250  0.0624  #
 58.260  0.0709  #
 58.270  0.0607  #
 58.280  0.0345  
 58.290  0.0272  

--- [a] FOUR→ZERO 间隙(已知无词) (57.62-57.76s, 10ms/frame) ---
 57.620  0.1715  ###
 57.630  0.1478  ##
 57.640  0.0857  #
 57.650  0.0424  
 57.660  0.0304  
 57.670  0.0286  
 57.680  0.0323  
 57.690  0.0253  
 57.700  0.0243  
 57.710  0.0272  
 57.720  0.0264  
 57.730  0.0401  
 57.740  0.1166  ##
 57.750  0.2381  ####

--- [b] ZULU?→[WIND?]→TWO (233.0-234.0s, 10ms/frame) ---
233.000  0.0252  
233.010  0.0251  
233.020  0.0278  
233.030  0.0322  
233.040  0.0342  
233.050  0.1857  ###
233.060  0.3027  ######
233.070  0.2789  #####
233.080  0.3357  ######
233.090  0.2697  #####
233.100  0.2986  #####
233.110  0.2109  ####
233.120  0.2292  ####
233.130  0.1998  ###
233.140  0.2285  ####
233.150  0.2222  ####
233.160  0.1955  ###
233.170  0.2151  ####
233.180  0.1942  ###
233.190  0.2334  ####
233.200  0.2025  ####
233.210  0.2525  #####
233.220  0.1996  ###
233.230  0.2538  #####
233.240  0.2237  ####
233.250  0.2245  ####
233.260  0.2252  ####
233.270  0.2092  ####
233.280  0.2694  #####
233.290  0.2089  ####
233.300  0.2326  ####
233.310  0.2022  ####
233.320  0.1826  ###
233.330  0.1100  ##
233.340  0.0457  
233.350  0.0273  
233.360  0.0268  
233.370  0.0262  
233.380  0.0293  
233.390  0.0257  
233.400  0.0304  
233.410  0.0312  
233.420  0.0340  
233.430  0.0480  
233.440  0.2394  ####
233.450  0.2970  #####
233.460  0.3309  ######
233.470  0.2821  #####
233.480  0.2660  #####
233.490  0.2511  #####
233.500  0.2179  ####
233.510  0.2422  ####
233.520  0.2437  ####
233.530  0.1676  ###
233.540  0.1673  ###
233.550  0.1587  ###
233.560  0.1340  ##
233.570  0.1150  ##
233.580  0.0984  #
233.590  0.0972  #
233.600  0.1074  ##
233.610  0.1156  ##
233.620  0.0993  #
233.630  0.1179  ##
233.640  0.1386  ##
233.650  0.1097  ##
233.660  0.1037  ##
233.670  0.1004  ##
233.680  0.1059  ##
233.690  0.1149  ##
233.700  0.1164  ##
233.710  0.1054  ##
233.720  0.1288  ##
233.730  0.1200  ##
233.740  0.1050  ##
233.750  0.1023  ##
233.760  0.0787  #
233.770  0.0779  #
233.780  0.0776  #
233.790  0.0609  #
233.800  0.0585  #
233.810  0.0506  #
233.820  0.0462  
233.830  0.0269  
233.840  0.0245  
233.850  0.0316  
233.860  0.0342  
233.870  0.0289  
233.880  0.0309  
233.890  0.0281  
233.900  0.0265  
233.910  0.0445  
233.920  0.2015  ####
233.930  0.4095  ########
233.940  0.4567  #########
233.950  0.4345  ########
233.960  0.3510  #######
233.970  0.3557  #######
233.980  0.3149  ######
233.990  0.2596  #####

--- [b] AT(已知)→FIVE (234.9-235.45s, 10ms/frame) ---
234.900  0.0253  
234.910  0.0236  
234.920  0.0258  
234.930  0.0216  
234.940  0.0247  
234.950  0.0251  
234.960  0.0242  
234.970  0.0297  
234.980  0.0282  
234.990  0.1079  ##
235.000  0.1720  ###
235.010  0.2196  ####
235.020  0.2277  ####
235.030  0.2524  #####
235.040  0.2459  ####
235.050  0.1812  ###
235.060  0.1694  ###
235.070  0.1433  ##
235.080  0.0767  #
235.090  0.0375  
235.100  0.0339  
235.110  0.0272  
235.120  0.0274  
235.130  0.0317  
235.140  0.0238  
235.150  0.0270  
235.160  0.0250  
235.170  0.0231  
235.180  0.0272  
235.190  0.0242  
235.200  0.0223  
235.210  0.0359  
235.220  0.0330  
235.230  0.0287  
235.240  0.0388  
235.250  0.0357  
235.260  0.1032  ##
235.270  0.2113  ####
235.280  0.2251  ####
235.290  0.2271  ####
235.300  0.2069  ####
235.310  0.2409  ####
235.320  0.1929  ###
235.330  0.2365  ####
235.340  0.1783  ###
235.350  0.1953  ###
235.360  0.2203  ####
235.370  0.1468  ##
235.380  0.1110  ##
235.390  0.1231  ##
235.400  0.0900  #
235.410  0.0898  #
235.420  0.0763  #
235.430  0.0739  #
235.440  0.0656  #
